[double3(6.758800000000,0.000000000000,0.000000000000),double3(-2.252938353552,15.026142006020,0.000000000000),double3(2.252938353552,7.513074717417,13.013018553572)]

double3(0.097495000000,0.210120000000,0.157080000000),
double3(0.176035000000,0.157080000000,0.132800000000),
double3(0.242435000000,0.132800000000,0.210120000000),
double3(0.152505000000,0.289880000000,0.342920000000),
double3(0.073965000000,0.342920000000,0.367200000000),
double3(0.007565000000,0.367200000000,0.289880000000),
double3(0.191312500000,0.219015000000,0.191340000000),
double3(0.222670000000,0.231145000000,0.224425000000),
double3(0.202220000000,0.267880000000,0.238210000000),
double3(0.016062500000,0.218965000000,0.233890000000),
double3(0.036982500000,0.191340000000,0.089645000000),
double3(0.084882500000,0.224425000000,0.044430000000),
double3(0.071325000000,0.238210000000,0.493910000000),
double3(0.133007500000,0.233890000000,0.047145000000),
double3(0.081805000000,0.089645000000,0.219015000000),
double3(0.107097500000,0.044430000000,0.231145000000),
double3(0.068280000000,0.493910000000,0.267880000000),
double3(0.156580000000,0.047145000000,0.218965000000),
double3(0.058687500000,0.280985000000,0.308660000000),
double3(0.027330000000,0.268855000000,0.275575000000),
double3(0.047780000000,0.232120000000,0.261790000000),
double3(0.233937500000,0.281035000000,0.266110000000),
double3(0.213017500000,0.308660000000,0.410355000000),
double3(0.165117500000,0.275575000000,0.455570000000),
double3(0.178675000000,0.261790000000,0.006090000000),
double3(0.116992500000,0.266110000000,0.452855000000),
double3(0.168195000000,0.410355000000,0.280985000000),
double3(0.142902500000,0.455570000000,0.268855000000),
double3(0.181720000000,0.006090000000,0.232120000000),
double3(0.093420000000,0.452855000000,0.281035000000),
double3(0.150707500000,0.237510000000,0.184365000000),
double3(0.205075000000,0.190300000000,0.176200000000),
double3(0.033752500000,0.185745000000,0.219330000000),
double3(0.242890000000,0.184365000000,0.078125000000),
double3(0.043175000000,0.176200000000,0.133500000000),
double3(0.143417500000,0.219330000000,0.094925000000),
double3(0.031952500000,0.078125000000,0.237510000000),
double3(0.109925000000,0.133500000000,0.190300000000),
double3(0.190880000000,0.094925000000,0.185745000000),
double3(0.099292500000,0.262490000000,0.315635000000),
double3(0.044925000000,0.309700000000,0.323800000000),
double3(0.216247500000,0.314255000000,0.280670000000),
double3(0.007110000000,0.315635000000,0.421875000000),
double3(0.206825000000,0.323800000000,0.366500000000),
double3(0.106582500000,0.280670000000,0.405075000000),
double3(0.218047500000,0.421875000000,0.262490000000),
double3(0.140075000000,0.366500000000,0.309700000000),
double3(0.059120000000,0.405075000000,0.314255000000),
double3(0.166507500000,0.280645000000,0.226175000000),
double3(0.029595000000,0.226175000000,0.493180000000),
double3(0.026187500000,0.493180000000,0.280645000000),
double3(0.082392500000,0.215095000000,0.270185000000),
double3(0.217485000000,0.270185000000,0.014725000000),
double3(0.223812500000,0.006820000000,0.219355000000),
double3(0.097495000000,0.210120000000,0.657080000000),
double3(0.176035000000,0.157080000000,0.632800000000),
double3(0.242435000000,0.132800000000,0.710120000000),
double3(0.152505000000,0.289880000000,0.842920000000),
double3(0.073965000000,0.342920000000,0.867200000000),
double3(0.007565000000,0.367200000000,0.789880000000),
double3(0.191312500000,0.219015000000,0.691340000000),
double3(0.222670000000,0.231145000000,0.724425000000),
double3(0.202220000000,0.267880000000,0.738210000000),
double3(0.016062500000,0.218965000000,0.733890000000),
double3(0.036982500000,0.191340000000,0.589645000000),
double3(0.084882500000,0.224425000000,0.544430000000),
double3(0.071325000000,0.238210000000,0.993910000000),
double3(0.133007500000,0.233890000000,0.547145000000),
double3(0.081805000000,0.089645000000,0.719015000000),
double3(0.107097500000,0.044430000000,0.731145000000),
double3(0.068280000000,0.493910000000,0.767880000000),
double3(0.156580000000,0.047145000000,0.718965000000),
double3(0.058687500000,0.280985000000,0.808660000000),
double3(0.027330000000,0.268855000000,0.775575000000),
double3(0.047780000000,0.232120000000,0.761790000000),
double3(0.233937500000,0.281035000000,0.766110000000),
double3(0.213017500000,0.308660000000,0.910355000000),
double3(0.165117500000,0.275575000000,0.955570000000),
double3(0.178675000000,0.261790000000,0.506090000000),
double3(0.116992500000,0.266110000000,0.952855000000),
double3(0.168195000000,0.410355000000,0.780985000000),
double3(0.142902500000,0.455570000000,0.768855000000),
double3(0.181720000000,0.006090000000,0.732120000000),
double3(0.093420000000,0.452855000000,0.781035000000),
double3(0.150707500000,0.237510000000,0.684365000000),
double3(0.205075000000,0.190300000000,0.676200000000),
double3(0.033752500000,0.185745000000,0.719330000000),
double3(0.242890000000,0.184365000000,0.578125000000),
double3(0.043175000000,0.176200000000,0.633500000000),
double3(0.143417500000,0.219330000000,0.594925000000),
double3(0.031952500000,0.078125000000,0.737510000000),
double3(0.109925000000,0.133500000000,0.690300000000),
double3(0.190880000000,0.094925000000,0.685745000000),
double3(0.099292500000,0.262490000000,0.815635000000),
double3(0.044925000000,0.309700000000,0.823800000000),
double3(0.216247500000,0.314255000000,0.780670000000),
double3(0.007110000000,0.315635000000,0.921875000000),
double3(0.206825000000,0.323800000000,0.866500000000),
double3(0.106582500000,0.280670000000,0.905075000000),
double3(0.218047500000,0.421875000000,0.762490000000),
double3(0.140075000000,0.366500000000,0.809700000000),
double3(0.059120000000,0.405075000000,0.814255000000),
double3(0.166507500000,0.280645000000,0.726175000000),
double3(0.029595000000,0.226175000000,0.993180000000),
double3(0.026187500000,0.493180000000,0.780645000000),
double3(0.082392500000,0.215095000000,0.770185000000),
double3(0.217485000000,0.270185000000,0.514725000000),
double3(0.223812500000,0.006820000000,0.719355000000),
double3(0.097495000000,0.710120000000,0.157080000000),
double3(0.176035000000,0.657080000000,0.132800000000),
double3(0.242435000000,0.632800000000,0.210120000000),
double3(0.152505000000,0.789880000000,0.342920000000),
double3(0.073965000000,0.842920000000,0.367200000000),
double3(0.007565000000,0.867200000000,0.289880000000),
double3(0.191312500000,0.719015000000,0.191340000000),
double3(0.222670000000,0.731145000000,0.224425000000),
double3(0.202220000000,0.767880000000,0.238210000000),
double3(0.016062500000,0.718965000000,0.233890000000),
double3(0.036982500000,0.691340000000,0.089645000000),
double3(0.084882500000,0.724425000000,0.044430000000),
double3(0.071325000000,0.738210000000,0.493910000000),
double3(0.133007500000,0.733890000000,0.047145000000),
double3(0.081805000000,0.589645000000,0.219015000000),
double3(0.107097500000,0.544430000000,0.231145000000),
double3(0.068280000000,0.993910000000,0.267880000000),
double3(0.156580000000,0.547145000000,0.218965000000),
double3(0.058687500000,0.780985000000,0.308660000000),
double3(0.027330000000,0.768855000000,0.275575000000),
double3(0.047780000000,0.732120000000,0.261790000000),
double3(0.233937500000,0.781035000000,0.266110000000),
double3(0.213017500000,0.808660000000,0.410355000000),
double3(0.165117500000,0.775575000000,0.455570000000),
double3(0.178675000000,0.761790000000,0.006090000000),
double3(0.116992500000,0.766110000000,0.452855000000),
double3(0.168195000000,0.910355000000,0.280985000000),
double3(0.142902500000,0.955570000000,0.268855000000),
double3(0.181720000000,0.506090000000,0.232120000000),
double3(0.093420000000,0.952855000000,0.281035000000),
double3(0.150707500000,0.737510000000,0.184365000000),
double3(0.205075000000,0.690300000000,0.176200000000),
double3(0.033752500000,0.685745000000,0.219330000000),
double3(0.242890000000,0.684365000000,0.078125000000),
double3(0.043175000000,0.676200000000,0.133500000000),
double3(0.143417500000,0.719330000000,0.094925000000),
double3(0.031952500000,0.578125000000,0.237510000000),
double3(0.109925000000,0.633500000000,0.190300000000),
double3(0.190880000000,0.594925000000,0.185745000000),
double3(0.099292500000,0.762490000000,0.315635000000),
double3(0.044925000000,0.809700000000,0.323800000000),
double3(0.216247500000,0.814255000000,0.280670000000),
double3(0.007110000000,0.815635000000,0.421875000000),
double3(0.206825000000,0.823800000000,0.366500000000),
double3(0.106582500000,0.780670000000,0.405075000000),
double3(0.218047500000,0.921875000000,0.262490000000),
double3(0.140075000000,0.866500000000,0.309700000000),
double3(0.059120000000,0.905075000000,0.314255000000),
double3(0.166507500000,0.780645000000,0.226175000000),
double3(0.029595000000,0.726175000000,0.493180000000),
double3(0.026187500000,0.993180000000,0.280645000000),
double3(0.082392500000,0.715095000000,0.270185000000),
double3(0.217485000000,0.770185000000,0.014725000000),
double3(0.223812500000,0.506820000000,0.219355000000),
double3(0.097495000000,0.710120000000,0.657080000000),
double3(0.176035000000,0.657080000000,0.632800000000),
double3(0.242435000000,0.632800000000,0.710120000000),
double3(0.152505000000,0.789880000000,0.842920000000),
double3(0.073965000000,0.842920000000,0.867200000000),
double3(0.007565000000,0.867200000000,0.789880000000),
double3(0.191312500000,0.719015000000,0.691340000000),
double3(0.222670000000,0.731145000000,0.724425000000),
double3(0.202220000000,0.767880000000,0.738210000000),
double3(0.016062500000,0.718965000000,0.733890000000),
double3(0.036982500000,0.691340000000,0.589645000000),
double3(0.084882500000,0.724425000000,0.544430000000),
double3(0.071325000000,0.738210000000,0.993910000000),
double3(0.133007500000,0.733890000000,0.547145000000),
double3(0.081805000000,0.589645000000,0.719015000000),
double3(0.107097500000,0.544430000000,0.731145000000),
double3(0.068280000000,0.993910000000,0.767880000000),
double3(0.156580000000,0.547145000000,0.718965000000),
double3(0.058687500000,0.780985000000,0.808660000000),
double3(0.027330000000,0.768855000000,0.775575000000),
double3(0.047780000000,0.732120000000,0.761790000000),
double3(0.233937500000,0.781035000000,0.766110000000),
double3(0.213017500000,0.808660000000,0.910355000000),
double3(0.165117500000,0.775575000000,0.955570000000),
double3(0.178675000000,0.761790000000,0.506090000000),
double3(0.116992500000,0.766110000000,0.952855000000),
double3(0.168195000000,0.910355000000,0.780985000000),
double3(0.142902500000,0.955570000000,0.768855000000),
double3(0.181720000000,0.506090000000,0.732120000000),
double3(0.093420000000,0.952855000000,0.781035000000),
double3(0.150707500000,0.737510000000,0.684365000000),
double3(0.205075000000,0.690300000000,0.676200000000),
double3(0.033752500000,0.685745000000,0.719330000000),
double3(0.242890000000,0.684365000000,0.578125000000),
double3(0.043175000000,0.676200000000,0.633500000000),
double3(0.143417500000,0.719330000000,0.594925000000),
double3(0.031952500000,0.578125000000,0.737510000000),
double3(0.109925000000,0.633500000000,0.690300000000),
double3(0.190880000000,0.594925000000,0.685745000000),
double3(0.099292500000,0.762490000000,0.815635000000),
double3(0.044925000000,0.809700000000,0.823800000000),
double3(0.216247500000,0.814255000000,0.780670000000),
double3(0.007110000000,0.815635000000,0.921875000000),
double3(0.206825000000,0.823800000000,0.866500000000),
double3(0.106582500000,0.780670000000,0.905075000000),
double3(0.218047500000,0.921875000000,0.762490000000),
double3(0.140075000000,0.866500000000,0.809700000000),
double3(0.059120000000,0.905075000000,0.814255000000),
double3(0.166507500000,0.780645000000,0.726175000000),
double3(0.029595000000,0.726175000000,0.993180000000),
double3(0.026187500000,0.993180000000,0.780645000000),
double3(0.082392500000,0.715095000000,0.770185000000),
double3(0.217485000000,0.770185000000,0.514725000000),
double3(0.223812500000,0.506820000000,0.719355000000),
double3(0.347495000000,0.210120000000,0.157080000000),
double3(0.426035000000,0.157080000000,0.132800000000),
double3(0.492435000000,0.132800000000,0.210120000000),
double3(0.402505000000,0.289880000000,0.342920000000),
double3(0.323965000000,0.342920000000,0.367200000000),
double3(0.257565000000,0.367200000000,0.289880000000),
double3(0.441312500000,0.219015000000,0.191340000000),
double3(0.472670000000,0.231145000000,0.224425000000),
double3(0.452220000000,0.267880000000,0.238210000000),
double3(0.266062500000,0.218965000000,0.233890000000),
double3(0.286982500000,0.191340000000,0.089645000000),
double3(0.334882500000,0.224425000000,0.044430000000),
double3(0.321325000000,0.238210000000,0.493910000000),
double3(0.383007500000,0.233890000000,0.047145000000),
double3(0.331805000000,0.089645000000,0.219015000000),
double3(0.357097500000,0.044430000000,0.231145000000),
double3(0.318280000000,0.493910000000,0.267880000000),
double3(0.406580000000,0.047145000000,0.218965000000),
double3(0.308687500000,0.280985000000,0.308660000000),
double3(0.277330000000,0.268855000000,0.275575000000),
double3(0.297780000000,0.232120000000,0.261790000000),
double3(0.483937500000,0.281035000000,0.266110000000),
double3(0.463017500000,0.308660000000,0.410355000000),
double3(0.415117500000,0.275575000000,0.455570000000),
double3(0.428675000000,0.261790000000,0.006090000000),
double3(0.366992500000,0.266110000000,0.452855000000),
double3(0.418195000000,0.410355000000,0.280985000000),
double3(0.392902500000,0.455570000000,0.268855000000),
double3(0.431720000000,0.006090000000,0.232120000000),
double3(0.343420000000,0.452855000000,0.281035000000),
double3(0.400707500000,0.237510000000,0.184365000000),
double3(0.455075000000,0.190300000000,0.176200000000),
double3(0.283752500000,0.185745000000,0.219330000000),
double3(0.492890000000,0.184365000000,0.078125000000),
double3(0.293175000000,0.176200000000,0.133500000000),
double3(0.393417500000,0.219330000000,0.094925000000),
double3(0.281952500000,0.078125000000,0.237510000000),
double3(0.359925000000,0.133500000000,0.190300000000),
double3(0.440880000000,0.094925000000,0.185745000000),
double3(0.349292500000,0.262490000000,0.315635000000),
double3(0.294925000000,0.309700000000,0.323800000000),
double3(0.466247500000,0.314255000000,0.280670000000),
double3(0.257110000000,0.315635000000,0.421875000000),
double3(0.456825000000,0.323800000000,0.366500000000),
double3(0.356582500000,0.280670000000,0.405075000000),
double3(0.468047500000,0.421875000000,0.262490000000),
double3(0.390075000000,0.366500000000,0.309700000000),
double3(0.309120000000,0.405075000000,0.314255000000),
double3(0.416507500000,0.280645000000,0.226175000000),
double3(0.279595000000,0.226175000000,0.493180000000),
double3(0.276187500000,0.493180000000,0.280645000000),
double3(0.332392500000,0.215095000000,0.270185000000),
double3(0.467485000000,0.270185000000,0.014725000000),
double3(0.473812500000,0.006820000000,0.219355000000),
double3(0.347495000000,0.210120000000,0.657080000000),
double3(0.426035000000,0.157080000000,0.632800000000),
double3(0.492435000000,0.132800000000,0.710120000000),
double3(0.402505000000,0.289880000000,0.842920000000),
double3(0.323965000000,0.342920000000,0.867200000000),
double3(0.257565000000,0.367200000000,0.789880000000),
double3(0.441312500000,0.219015000000,0.691340000000),
double3(0.472670000000,0.231145000000,0.724425000000),
double3(0.452220000000,0.267880000000,0.738210000000),
double3(0.266062500000,0.218965000000,0.733890000000),
double3(0.286982500000,0.191340000000,0.589645000000),
double3(0.334882500000,0.224425000000,0.544430000000),
double3(0.321325000000,0.238210000000,0.993910000000),
double3(0.383007500000,0.233890000000,0.547145000000),
double3(0.331805000000,0.089645000000,0.719015000000),
double3(0.357097500000,0.044430000000,0.731145000000),
double3(0.318280000000,0.493910000000,0.767880000000),
double3(0.406580000000,0.047145000000,0.718965000000),
double3(0.308687500000,0.280985000000,0.808660000000),
double3(0.277330000000,0.268855000000,0.775575000000),
double3(0.297780000000,0.232120000000,0.761790000000),
double3(0.483937500000,0.281035000000,0.766110000000),
double3(0.463017500000,0.308660000000,0.910355000000),
double3(0.415117500000,0.275575000000,0.955570000000),
double3(0.428675000000,0.261790000000,0.506090000000),
double3(0.366992500000,0.266110000000,0.952855000000),
double3(0.418195000000,0.410355000000,0.780985000000),
double3(0.392902500000,0.455570000000,0.768855000000),
double3(0.431720000000,0.006090000000,0.732120000000),
double3(0.343420000000,0.452855000000,0.781035000000),
double3(0.400707500000,0.237510000000,0.684365000000),
double3(0.455075000000,0.190300000000,0.676200000000),
double3(0.283752500000,0.185745000000,0.719330000000),
double3(0.492890000000,0.184365000000,0.578125000000),
double3(0.293175000000,0.176200000000,0.633500000000),
double3(0.393417500000,0.219330000000,0.594925000000),
double3(0.281952500000,0.078125000000,0.737510000000),
double3(0.359925000000,0.133500000000,0.690300000000),
double3(0.440880000000,0.094925000000,0.685745000000),
double3(0.349292500000,0.262490000000,0.815635000000),
double3(0.294925000000,0.309700000000,0.823800000000),
double3(0.466247500000,0.314255000000,0.780670000000),
double3(0.257110000000,0.315635000000,0.921875000000),
double3(0.456825000000,0.323800000000,0.866500000000),
double3(0.356582500000,0.280670000000,0.905075000000),
double3(0.468047500000,0.421875000000,0.762490000000),
double3(0.390075000000,0.366500000000,0.809700000000),
double3(0.309120000000,0.405075000000,0.814255000000),
double3(0.416507500000,0.280645000000,0.726175000000),
double3(0.279595000000,0.226175000000,0.993180000000),
double3(0.276187500000,0.493180000000,0.780645000000),
double3(0.332392500000,0.215095000000,0.770185000000),
double3(0.467485000000,0.270185000000,0.514725000000),
double3(0.473812500000,0.006820000000,0.719355000000),
double3(0.347495000000,0.710120000000,0.157080000000),
double3(0.426035000000,0.657080000000,0.132800000000),
double3(0.492435000000,0.632800000000,0.210120000000),
double3(0.402505000000,0.789880000000,0.342920000000),
double3(0.323965000000,0.842920000000,0.367200000000),
double3(0.257565000000,0.867200000000,0.289880000000),
double3(0.441312500000,0.719015000000,0.191340000000),
double3(0.472670000000,0.731145000000,0.224425000000),
double3(0.452220000000,0.767880000000,0.238210000000),
double3(0.266062500000,0.718965000000,0.233890000000),
double3(0.286982500000,0.691340000000,0.089645000000),
double3(0.334882500000,0.724425000000,0.044430000000),
double3(0.321325000000,0.738210000000,0.493910000000),
double3(0.383007500000,0.733890000000,0.047145000000),
double3(0.331805000000,0.589645000000,0.219015000000),
double3(0.357097500000,0.544430000000,0.231145000000),
double3(0.318280000000,0.993910000000,0.267880000000),
double3(0.406580000000,0.547145000000,0.218965000000),
double3(0.308687500000,0.780985000000,0.308660000000),
double3(0.277330000000,0.768855000000,0.275575000000),
double3(0.297780000000,0.732120000000,0.261790000000),
double3(0.483937500000,0.781035000000,0.266110000000),
double3(0.463017500000,0.808660000000,0.410355000000),
double3(0.415117500000,0.775575000000,0.455570000000),
double3(0.428675000000,0.761790000000,0.006090000000),
double3(0.366992500000,0.766110000000,0.452855000000),
double3(0.418195000000,0.910355000000,0.280985000000),
double3(0.392902500000,0.955570000000,0.268855000000),
double3(0.431720000000,0.506090000000,0.232120000000),
double3(0.343420000000,0.952855000000,0.281035000000),
double3(0.400707500000,0.737510000000,0.184365000000),
double3(0.455075000000,0.690300000000,0.176200000000),
double3(0.283752500000,0.685745000000,0.219330000000),
double3(0.492890000000,0.684365000000,0.078125000000),
double3(0.293175000000,0.676200000000,0.133500000000),
double3(0.393417500000,0.719330000000,0.094925000000),
double3(0.281952500000,0.578125000000,0.237510000000),
double3(0.359925000000,0.633500000000,0.190300000000),
double3(0.440880000000,0.594925000000,0.185745000000),
double3(0.349292500000,0.762490000000,0.315635000000),
double3(0.294925000000,0.809700000000,0.323800000000),
double3(0.466247500000,0.814255000000,0.280670000000),
double3(0.257110000000,0.815635000000,0.421875000000),
double3(0.456825000000,0.823800000000,0.366500000000),
double3(0.356582500000,0.780670000000,0.405075000000),
double3(0.468047500000,0.921875000000,0.262490000000),
double3(0.390075000000,0.866500000000,0.309700000000),
double3(0.309120000000,0.905075000000,0.314255000000),
double3(0.416507500000,0.780645000000,0.226175000000),
double3(0.279595000000,0.726175000000,0.493180000000),
double3(0.276187500000,0.993180000000,0.280645000000),
double3(0.332392500000,0.715095000000,0.270185000000),
double3(0.467485000000,0.770185000000,0.014725000000),
double3(0.473812500000,0.506820000000,0.219355000000),
double3(0.347495000000,0.710120000000,0.657080000000),
double3(0.426035000000,0.657080000000,0.632800000000),
double3(0.492435000000,0.632800000000,0.710120000000),
double3(0.402505000000,0.789880000000,0.842920000000),
double3(0.323965000000,0.842920000000,0.867200000000),
double3(0.257565000000,0.867200000000,0.789880000000),
double3(0.441312500000,0.719015000000,0.691340000000),
double3(0.472670000000,0.731145000000,0.724425000000),
double3(0.452220000000,0.767880000000,0.738210000000),
double3(0.266062500000,0.718965000000,0.733890000000),
double3(0.286982500000,0.691340000000,0.589645000000),
double3(0.334882500000,0.724425000000,0.544430000000),
double3(0.321325000000,0.738210000000,0.993910000000),
double3(0.383007500000,0.733890000000,0.547145000000),
double3(0.331805000000,0.589645000000,0.719015000000),
double3(0.357097500000,0.544430000000,0.731145000000),
double3(0.318280000000,0.993910000000,0.767880000000),
double3(0.406580000000,0.547145000000,0.718965000000),
double3(0.308687500000,0.780985000000,0.808660000000),
double3(0.277330000000,0.768855000000,0.775575000000),
double3(0.297780000000,0.732120000000,0.761790000000),
double3(0.483937500000,0.781035000000,0.766110000000),
double3(0.463017500000,0.808660000000,0.910355000000),
double3(0.415117500000,0.775575000000,0.955570000000),
double3(0.428675000000,0.761790000000,0.506090000000),
double3(0.366992500000,0.766110000000,0.952855000000),
double3(0.418195000000,0.910355000000,0.780985000000),
double3(0.392902500000,0.955570000000,0.768855000000),
double3(0.431720000000,0.506090000000,0.732120000000),
double3(0.343420000000,0.952855000000,0.781035000000),
double3(0.400707500000,0.737510000000,0.684365000000),
double3(0.455075000000,0.690300000000,0.676200000000),
double3(0.283752500000,0.685745000000,0.719330000000),
double3(0.492890000000,0.684365000000,0.578125000000),
double3(0.293175000000,0.676200000000,0.633500000000),
double3(0.393417500000,0.719330000000,0.594925000000),
double3(0.281952500000,0.578125000000,0.737510000000),
double3(0.359925000000,0.633500000000,0.690300000000),
double3(0.440880000000,0.594925000000,0.685745000000),
double3(0.349292500000,0.762490000000,0.815635000000),
double3(0.294925000000,0.809700000000,0.823800000000),
double3(0.466247500000,0.814255000000,0.780670000000),
double3(0.257110000000,0.815635000000,0.921875000000),
double3(0.456825000000,0.823800000000,0.866500000000),
double3(0.356582500000,0.780670000000,0.905075000000),
double3(0.468047500000,0.921875000000,0.762490000000),
double3(0.390075000000,0.866500000000,0.809700000000),
double3(0.309120000000,0.905075000000,0.814255000000),
double3(0.416507500000,0.780645000000,0.726175000000),
double3(0.279595000000,0.726175000000,0.993180000000),
double3(0.276187500000,0.993180000000,0.780645000000),
double3(0.332392500000,0.715095000000,0.770185000000),
double3(0.467485000000,0.770185000000,0.514725000000),
double3(0.473812500000,0.506820000000,0.719355000000),
double3(0.597495000000,0.210120000000,0.157080000000),
double3(0.676035000000,0.157080000000,0.132800000000),
double3(0.742435000000,0.132800000000,0.210120000000),
double3(0.652505000000,0.289880000000,0.342920000000),
double3(0.573965000000,0.342920000000,0.367200000000),
double3(0.507565000000,0.367200000000,0.289880000000),
double3(0.691312500000,0.219015000000,0.191340000000),
double3(0.722670000000,0.231145000000,0.224425000000),
double3(0.702220000000,0.267880000000,0.238210000000),
double3(0.516062500000,0.218965000000,0.233890000000),
double3(0.536982500000,0.191340000000,0.089645000000),
double3(0.584882500000,0.224425000000,0.044430000000),
double3(0.571325000000,0.238210000000,0.493910000000),
double3(0.633007500000,0.233890000000,0.047145000000),
double3(0.581805000000,0.089645000000,0.219015000000),
double3(0.607097500000,0.044430000000,0.231145000000),
double3(0.568280000000,0.493910000000,0.267880000000),
double3(0.656580000000,0.047145000000,0.218965000000),
double3(0.558687500000,0.280985000000,0.308660000000),
double3(0.527330000000,0.268855000000,0.275575000000),
double3(0.547780000000,0.232120000000,0.261790000000),
double3(0.733937500000,0.281035000000,0.266110000000),
double3(0.713017500000,0.308660000000,0.410355000000),
double3(0.665117500000,0.275575000000,0.455570000000),
double3(0.678675000000,0.261790000000,0.006090000000),
double3(0.616992500000,0.266110000000,0.452855000000),
double3(0.668195000000,0.410355000000,0.280985000000),
double3(0.642902500000,0.455570000000,0.268855000000),
double3(0.681720000000,0.006090000000,0.232120000000),
double3(0.593420000000,0.452855000000,0.281035000000),
double3(0.650707500000,0.237510000000,0.184365000000),
double3(0.705075000000,0.190300000000,0.176200000000),
double3(0.533752500000,0.185745000000,0.219330000000),
double3(0.742890000000,0.184365000000,0.078125000000),
double3(0.543175000000,0.176200000000,0.133500000000),
double3(0.643417500000,0.219330000000,0.094925000000),
double3(0.531952500000,0.078125000000,0.237510000000),
double3(0.609925000000,0.133500000000,0.190300000000),
double3(0.690880000000,0.094925000000,0.185745000000),
double3(0.599292500000,0.262490000000,0.315635000000),
double3(0.544925000000,0.309700000000,0.323800000000),
double3(0.716247500000,0.314255000000,0.280670000000),
double3(0.507110000000,0.315635000000,0.421875000000),
double3(0.706825000000,0.323800000000,0.366500000000),
double3(0.606582500000,0.280670000000,0.405075000000),
double3(0.718047500000,0.421875000000,0.262490000000),
double3(0.640075000000,0.366500000000,0.309700000000),
double3(0.559120000000,0.405075000000,0.314255000000),
double3(0.666507500000,0.280645000000,0.226175000000),
double3(0.529595000000,0.226175000000,0.493180000000),
double3(0.526187500000,0.493180000000,0.280645000000),
double3(0.582392500000,0.215095000000,0.270185000000),
double3(0.717485000000,0.270185000000,0.014725000000),
double3(0.723812500000,0.006820000000,0.219355000000),
double3(0.597495000000,0.210120000000,0.657080000000),
double3(0.676035000000,0.157080000000,0.632800000000),
double3(0.742435000000,0.132800000000,0.710120000000),
double3(0.652505000000,0.289880000000,0.842920000000),
double3(0.573965000000,0.342920000000,0.867200000000),
double3(0.507565000000,0.367200000000,0.789880000000),
double3(0.691312500000,0.219015000000,0.691340000000),
double3(0.722670000000,0.231145000000,0.724425000000),
double3(0.702220000000,0.267880000000,0.738210000000),
double3(0.516062500000,0.218965000000,0.733890000000),
double3(0.536982500000,0.191340000000,0.589645000000),
double3(0.584882500000,0.224425000000,0.544430000000),
double3(0.571325000000,0.238210000000,0.993910000000),
double3(0.633007500000,0.233890000000,0.547145000000),
double3(0.581805000000,0.089645000000,0.719015000000),
double3(0.607097500000,0.044430000000,0.731145000000),
double3(0.568280000000,0.493910000000,0.767880000000),
double3(0.656580000000,0.047145000000,0.718965000000),
double3(0.558687500000,0.280985000000,0.808660000000),
double3(0.527330000000,0.268855000000,0.775575000000),
double3(0.547780000000,0.232120000000,0.761790000000),
double3(0.733937500000,0.281035000000,0.766110000000),
double3(0.713017500000,0.308660000000,0.910355000000),
double3(0.665117500000,0.275575000000,0.955570000000),
double3(0.678675000000,0.261790000000,0.506090000000),
double3(0.616992500000,0.266110000000,0.952855000000),
double3(0.668195000000,0.410355000000,0.780985000000),
double3(0.642902500000,0.455570000000,0.768855000000),
double3(0.681720000000,0.006090000000,0.732120000000),
double3(0.593420000000,0.452855000000,0.781035000000),
double3(0.650707500000,0.237510000000,0.684365000000),
double3(0.705075000000,0.190300000000,0.676200000000),
double3(0.533752500000,0.185745000000,0.719330000000),
double3(0.742890000000,0.184365000000,0.578125000000),
double3(0.543175000000,0.176200000000,0.633500000000),
double3(0.643417500000,0.219330000000,0.594925000000),
double3(0.531952500000,0.078125000000,0.737510000000),
double3(0.609925000000,0.133500000000,0.690300000000),
double3(0.690880000000,0.094925000000,0.685745000000),
double3(0.599292500000,0.262490000000,0.815635000000),
double3(0.544925000000,0.309700000000,0.823800000000),
double3(0.716247500000,0.314255000000,0.780670000000),
double3(0.507110000000,0.315635000000,0.921875000000),
double3(0.706825000000,0.323800000000,0.866500000000),
double3(0.606582500000,0.280670000000,0.905075000000),
double3(0.718047500000,0.421875000000,0.762490000000),
double3(0.640075000000,0.366500000000,0.809700000000),
double3(0.559120000000,0.405075000000,0.814255000000),
double3(0.666507500000,0.280645000000,0.726175000000),
double3(0.529595000000,0.226175000000,0.993180000000),
double3(0.526187500000,0.493180000000,0.780645000000),
double3(0.582392500000,0.215095000000,0.770185000000),
double3(0.717485000000,0.270185000000,0.514725000000),
double3(0.723812500000,0.006820000000,0.719355000000),
double3(0.597495000000,0.710120000000,0.157080000000),
double3(0.676035000000,0.657080000000,0.132800000000),
double3(0.742435000000,0.632800000000,0.210120000000),
double3(0.652505000000,0.789880000000,0.342920000000),
double3(0.573965000000,0.842920000000,0.367200000000),
double3(0.507565000000,0.867200000000,0.289880000000),
double3(0.691312500000,0.719015000000,0.191340000000),
double3(0.722670000000,0.731145000000,0.224425000000),
double3(0.702220000000,0.767880000000,0.238210000000),
double3(0.516062500000,0.718965000000,0.233890000000),
double3(0.536982500000,0.691340000000,0.089645000000),
double3(0.584882500000,0.724425000000,0.044430000000),
double3(0.571325000000,0.738210000000,0.493910000000),
double3(0.633007500000,0.733890000000,0.047145000000),
double3(0.581805000000,0.589645000000,0.219015000000),
double3(0.607097500000,0.544430000000,0.231145000000),
double3(0.568280000000,0.993910000000,0.267880000000),
double3(0.656580000000,0.547145000000,0.218965000000),
double3(0.558687500000,0.780985000000,0.308660000000),
double3(0.527330000000,0.768855000000,0.275575000000),
double3(0.547780000000,0.732120000000,0.261790000000),
double3(0.733937500000,0.781035000000,0.266110000000),
double3(0.713017500000,0.808660000000,0.410355000000),
double3(0.665117500000,0.775575000000,0.455570000000),
double3(0.678675000000,0.761790000000,0.006090000000),
double3(0.616992500000,0.766110000000,0.452855000000),
double3(0.668195000000,0.910355000000,0.280985000000),
double3(0.642902500000,0.955570000000,0.268855000000),
double3(0.681720000000,0.506090000000,0.232120000000),
double3(0.593420000000,0.952855000000,0.281035000000),
double3(0.650707500000,0.737510000000,0.184365000000),
double3(0.705075000000,0.690300000000,0.176200000000),
double3(0.533752500000,0.685745000000,0.219330000000),
double3(0.742890000000,0.684365000000,0.078125000000),
double3(0.543175000000,0.676200000000,0.133500000000),
double3(0.643417500000,0.719330000000,0.094925000000),
double3(0.531952500000,0.578125000000,0.237510000000),
double3(0.609925000000,0.633500000000,0.190300000000),
double3(0.690880000000,0.594925000000,0.185745000000),
double3(0.599292500000,0.762490000000,0.315635000000),
double3(0.544925000000,0.809700000000,0.323800000000),
double3(0.716247500000,0.814255000000,0.280670000000),
double3(0.507110000000,0.815635000000,0.421875000000),
double3(0.706825000000,0.823800000000,0.366500000000),
double3(0.606582500000,0.780670000000,0.405075000000),
double3(0.718047500000,0.921875000000,0.262490000000),
double3(0.640075000000,0.866500000000,0.309700000000),
double3(0.559120000000,0.905075000000,0.314255000000),
double3(0.666507500000,0.780645000000,0.226175000000),
double3(0.529595000000,0.726175000000,0.493180000000),
double3(0.526187500000,0.993180000000,0.280645000000),
double3(0.582392500000,0.715095000000,0.270185000000),
double3(0.717485000000,0.770185000000,0.014725000000),
double3(0.723812500000,0.506820000000,0.219355000000),
double3(0.597495000000,0.710120000000,0.657080000000),
double3(0.676035000000,0.657080000000,0.632800000000),
double3(0.742435000000,0.632800000000,0.710120000000),
double3(0.652505000000,0.789880000000,0.842920000000),
double3(0.573965000000,0.842920000000,0.867200000000),
double3(0.507565000000,0.867200000000,0.789880000000),
double3(0.691312500000,0.719015000000,0.691340000000),
double3(0.722670000000,0.731145000000,0.724425000000),
double3(0.702220000000,0.767880000000,0.738210000000),
double3(0.516062500000,0.718965000000,0.733890000000),
double3(0.536982500000,0.691340000000,0.589645000000),
double3(0.584882500000,0.724425000000,0.544430000000),
double3(0.571325000000,0.738210000000,0.993910000000),
double3(0.633007500000,0.733890000000,0.547145000000),
double3(0.581805000000,0.589645000000,0.719015000000),
double3(0.607097500000,0.544430000000,0.731145000000),
double3(0.568280000000,0.993910000000,0.767880000000),
double3(0.656580000000,0.547145000000,0.718965000000),
double3(0.558687500000,0.780985000000,0.808660000000),
double3(0.527330000000,0.768855000000,0.775575000000),
double3(0.547780000000,0.732120000000,0.761790000000),
double3(0.733937500000,0.781035000000,0.766110000000),
double3(0.713017500000,0.808660000000,0.910355000000),
double3(0.665117500000,0.775575000000,0.955570000000),
double3(0.678675000000,0.761790000000,0.506090000000),
double3(0.616992500000,0.766110000000,0.952855000000),
double3(0.668195000000,0.910355000000,0.780985000000),
double3(0.642902500000,0.955570000000,0.768855000000),
double3(0.681720000000,0.506090000000,0.732120000000),
double3(0.593420000000,0.952855000000,0.781035000000),
double3(0.650707500000,0.737510000000,0.684365000000),
double3(0.705075000000,0.690300000000,0.676200000000),
double3(0.533752500000,0.685745000000,0.719330000000),
double3(0.742890000000,0.684365000000,0.578125000000),
double3(0.543175000000,0.676200000000,0.633500000000),
double3(0.643417500000,0.719330000000,0.594925000000),
double3(0.531952500000,0.578125000000,0.737510000000),
double3(0.609925000000,0.633500000000,0.690300000000),
double3(0.690880000000,0.594925000000,0.685745000000),
double3(0.599292500000,0.762490000000,0.815635000000),
double3(0.544925000000,0.809700000000,0.823800000000),
double3(0.716247500000,0.814255000000,0.780670000000),
double3(0.507110000000,0.815635000000,0.921875000000),
double3(0.706825000000,0.823800000000,0.866500000000),
double3(0.606582500000,0.780670000000,0.905075000000),
double3(0.718047500000,0.921875000000,0.762490000000),
double3(0.640075000000,0.866500000000,0.809700000000),
double3(0.559120000000,0.905075000000,0.814255000000),
double3(0.666507500000,0.780645000000,0.726175000000),
double3(0.529595000000,0.726175000000,0.993180000000),
double3(0.526187500000,0.993180000000,0.780645000000),
double3(0.582392500000,0.715095000000,0.770185000000),
double3(0.717485000000,0.770185000000,0.514725000000),
double3(0.723812500000,0.506820000000,0.719355000000),
double3(0.847495000000,0.210120000000,0.157080000000),
double3(0.926035000000,0.157080000000,0.132800000000),
double3(0.992435000000,0.132800000000,0.210120000000),
double3(0.902505000000,0.289880000000,0.342920000000),
double3(0.823965000000,0.342920000000,0.367200000000),
double3(0.757565000000,0.367200000000,0.289880000000),
double3(0.941312500000,0.219015000000,0.191340000000),
double3(0.972670000000,0.231145000000,0.224425000000),
double3(0.952220000000,0.267880000000,0.238210000000),
double3(0.766062500000,0.218965000000,0.233890000000),
double3(0.786982500000,0.191340000000,0.089645000000),
double3(0.834882500000,0.224425000000,0.044430000000),
double3(0.821325000000,0.238210000000,0.493910000000),
double3(0.883007500000,0.233890000000,0.047145000000),
double3(0.831805000000,0.089645000000,0.219015000000),
double3(0.857097500000,0.044430000000,0.231145000000),
double3(0.818280000000,0.493910000000,0.267880000000),
double3(0.906580000000,0.047145000000,0.218965000000),
double3(0.808687500000,0.280985000000,0.308660000000),
double3(0.777330000000,0.268855000000,0.275575000000),
double3(0.797780000000,0.232120000000,0.261790000000),
double3(0.983937500000,0.281035000000,0.266110000000),
double3(0.963017500000,0.308660000000,0.410355000000),
double3(0.915117500000,0.275575000000,0.455570000000),
double3(0.928675000000,0.261790000000,0.006090000000),
double3(0.866992500000,0.266110000000,0.452855000000),
double3(0.918195000000,0.410355000000,0.280985000000),
double3(0.892902500000,0.455570000000,0.268855000000),
double3(0.931720000000,0.006090000000,0.232120000000),
double3(0.843420000000,0.452855000000,0.281035000000),
double3(0.900707500000,0.237510000000,0.184365000000),
double3(0.955075000000,0.190300000000,0.176200000000),
double3(0.783752500000,0.185745000000,0.219330000000),
double3(0.992890000000,0.184365000000,0.078125000000),
double3(0.793175000000,0.176200000000,0.133500000000),
double3(0.893417500000,0.219330000000,0.094925000000),
double3(0.781952500000,0.078125000000,0.237510000000),
double3(0.859925000000,0.133500000000,0.190300000000),
double3(0.940880000000,0.094925000000,0.185745000000),
double3(0.849292500000,0.262490000000,0.315635000000),
double3(0.794925000000,0.309700000000,0.323800000000),
double3(0.966247500000,0.314255000000,0.280670000000),
double3(0.757110000000,0.315635000000,0.421875000000),
double3(0.956825000000,0.323800000000,0.366500000000),
double3(0.856582500000,0.280670000000,0.405075000000),
double3(0.968047500000,0.421875000000,0.262490000000),
double3(0.890075000000,0.366500000000,0.309700000000),
double3(0.809120000000,0.405075000000,0.314255000000),
double3(0.916507500000,0.280645000000,0.226175000000),
double3(0.779595000000,0.226175000000,0.493180000000),
double3(0.776187500000,0.493180000000,0.280645000000),
double3(0.832392500000,0.215095000000,0.270185000000),
double3(0.967485000000,0.270185000000,0.014725000000),
double3(0.973812500000,0.006820000000,0.219355000000),
double3(0.847495000000,0.210120000000,0.657080000000),
double3(0.926035000000,0.157080000000,0.632800000000),
double3(0.992435000000,0.132800000000,0.710120000000),
double3(0.902505000000,0.289880000000,0.842920000000),
double3(0.823965000000,0.342920000000,0.867200000000),
double3(0.757565000000,0.367200000000,0.789880000000),
double3(0.941312500000,0.219015000000,0.691340000000),
double3(0.972670000000,0.231145000000,0.724425000000),
double3(0.952220000000,0.267880000000,0.738210000000),
double3(0.766062500000,0.218965000000,0.733890000000),
double3(0.786982500000,0.191340000000,0.589645000000),
double3(0.834882500000,0.224425000000,0.544430000000),
double3(0.821325000000,0.238210000000,0.993910000000),
double3(0.883007500000,0.233890000000,0.547145000000),
double3(0.831805000000,0.089645000000,0.719015000000),
double3(0.857097500000,0.044430000000,0.731145000000),
double3(0.818280000000,0.493910000000,0.767880000000),
double3(0.906580000000,0.047145000000,0.718965000000),
double3(0.808687500000,0.280985000000,0.808660000000),
double3(0.777330000000,0.268855000000,0.775575000000),
double3(0.797780000000,0.232120000000,0.761790000000),
double3(0.983937500000,0.281035000000,0.766110000000),
double3(0.963017500000,0.308660000000,0.910355000000),
double3(0.915117500000,0.275575000000,0.955570000000),
double3(0.928675000000,0.261790000000,0.506090000000),
double3(0.866992500000,0.266110000000,0.952855000000),
double3(0.918195000000,0.410355000000,0.780985000000),
double3(0.892902500000,0.455570000000,0.768855000000),
double3(0.931720000000,0.006090000000,0.732120000000),
double3(0.843420000000,0.452855000000,0.781035000000),
double3(0.900707500000,0.237510000000,0.684365000000),
double3(0.955075000000,0.190300000000,0.676200000000),
double3(0.783752500000,0.185745000000,0.719330000000),
double3(0.992890000000,0.184365000000,0.578125000000),
double3(0.793175000000,0.176200000000,0.633500000000),
double3(0.893417500000,0.219330000000,0.594925000000),
double3(0.781952500000,0.078125000000,0.737510000000),
double3(0.859925000000,0.133500000000,0.690300000000),
double3(0.940880000000,0.094925000000,0.685745000000),
double3(0.849292500000,0.262490000000,0.815635000000),
double3(0.794925000000,0.309700000000,0.823800000000),
double3(0.966247500000,0.314255000000,0.780670000000),
double3(0.757110000000,0.315635000000,0.921875000000),
double3(0.956825000000,0.323800000000,0.866500000000),
double3(0.856582500000,0.280670000000,0.905075000000),
double3(0.968047500000,0.421875000000,0.762490000000),
double3(0.890075000000,0.366500000000,0.809700000000),
double3(0.809120000000,0.405075000000,0.814255000000),
double3(0.916507500000,0.280645000000,0.726175000000),
double3(0.779595000000,0.226175000000,0.993180000000),
double3(0.776187500000,0.493180000000,0.780645000000),
double3(0.832392500000,0.215095000000,0.770185000000),
double3(0.967485000000,0.270185000000,0.514725000000),
double3(0.973812500000,0.006820000000,0.719355000000),
double3(0.847495000000,0.710120000000,0.157080000000),
double3(0.926035000000,0.657080000000,0.132800000000),
double3(0.992435000000,0.632800000000,0.210120000000),
double3(0.902505000000,0.789880000000,0.342920000000),
double3(0.823965000000,0.842920000000,0.367200000000),
double3(0.757565000000,0.867200000000,0.289880000000),
double3(0.941312500000,0.719015000000,0.191340000000),
double3(0.972670000000,0.731145000000,0.224425000000),
double3(0.952220000000,0.767880000000,0.238210000000),
double3(0.766062500000,0.718965000000,0.233890000000),
double3(0.786982500000,0.691340000000,0.089645000000),
double3(0.834882500000,0.724425000000,0.044430000000),
double3(0.821325000000,0.738210000000,0.493910000000),
double3(0.883007500000,0.733890000000,0.047145000000),
double3(0.831805000000,0.589645000000,0.219015000000),
double3(0.857097500000,0.544430000000,0.231145000000),
double3(0.818280000000,0.993910000000,0.267880000000),
double3(0.906580000000,0.547145000000,0.218965000000),
double3(0.808687500000,0.780985000000,0.308660000000),
double3(0.777330000000,0.768855000000,0.275575000000),
double3(0.797780000000,0.732120000000,0.261790000000),
double3(0.983937500000,0.781035000000,0.266110000000),
double3(0.963017500000,0.808660000000,0.410355000000),
double3(0.915117500000,0.775575000000,0.455570000000),
double3(0.928675000000,0.761790000000,0.006090000000),
double3(0.866992500000,0.766110000000,0.452855000000),
double3(0.918195000000,0.910355000000,0.280985000000),
double3(0.892902500000,0.955570000000,0.268855000000),
double3(0.931720000000,0.506090000000,0.232120000000),
double3(0.843420000000,0.952855000000,0.281035000000),
double3(0.900707500000,0.737510000000,0.184365000000),
double3(0.955075000000,0.690300000000,0.176200000000),
double3(0.783752500000,0.685745000000,0.219330000000),
double3(0.992890000000,0.684365000000,0.078125000000),
double3(0.793175000000,0.676200000000,0.133500000000),
double3(0.893417500000,0.719330000000,0.094925000000),
double3(0.781952500000,0.578125000000,0.237510000000),
double3(0.859925000000,0.633500000000,0.190300000000),
double3(0.940880000000,0.594925000000,0.185745000000),
double3(0.849292500000,0.762490000000,0.315635000000),
double3(0.794925000000,0.809700000000,0.323800000000),
double3(0.966247500000,0.814255000000,0.280670000000),
double3(0.757110000000,0.815635000000,0.421875000000),
double3(0.956825000000,0.823800000000,0.366500000000),
double3(0.856582500000,0.780670000000,0.405075000000),
double3(0.968047500000,0.921875000000,0.262490000000),
double3(0.890075000000,0.866500000000,0.309700000000),
double3(0.809120000000,0.905075000000,0.314255000000),
double3(0.916507500000,0.780645000000,0.226175000000),
double3(0.779595000000,0.726175000000,0.493180000000),
double3(0.776187500000,0.993180000000,0.280645000000),
double3(0.832392500000,0.715095000000,0.270185000000),
double3(0.967485000000,0.770185000000,0.014725000000),
double3(0.973812500000,0.506820000000,0.219355000000),
double3(0.847495000000,0.710120000000,0.657080000000),
double3(0.926035000000,0.657080000000,0.632800000000),
double3(0.992435000000,0.632800000000,0.710120000000),
double3(0.902505000000,0.789880000000,0.842920000000),
double3(0.823965000000,0.842920000000,0.867200000000),
double3(0.757565000000,0.867200000000,0.789880000000),
double3(0.941312500000,0.719015000000,0.691340000000),
double3(0.972670000000,0.731145000000,0.724425000000),
double3(0.952220000000,0.767880000000,0.738210000000),
double3(0.766062500000,0.718965000000,0.733890000000),
double3(0.786982500000,0.691340000000,0.589645000000),
double3(0.834882500000,0.724425000000,0.544430000000),
double3(0.821325000000,0.738210000000,0.993910000000),
double3(0.883007500000,0.733890000000,0.547145000000),
double3(0.831805000000,0.589645000000,0.719015000000),
double3(0.857097500000,0.544430000000,0.731145000000),
double3(0.818280000000,0.993910000000,0.767880000000),
double3(0.906580000000,0.547145000000,0.718965000000),
double3(0.808687500000,0.780985000000,0.808660000000),
double3(0.777330000000,0.768855000000,0.775575000000),
double3(0.797780000000,0.732120000000,0.761790000000),
double3(0.983937500000,0.781035000000,0.766110000000),
double3(0.963017500000,0.808660000000,0.910355000000),
double3(0.915117500000,0.775575000000,0.955570000000),
double3(0.928675000000,0.761790000000,0.506090000000),
double3(0.866992500000,0.766110000000,0.952855000000),
double3(0.918195000000,0.910355000000,0.780985000000),
double3(0.892902500000,0.955570000000,0.768855000000),
double3(0.931720000000,0.506090000000,0.732120000000),
double3(0.843420000000,0.952855000000,0.781035000000),
double3(0.900707500000,0.737510000000,0.684365000000),
double3(0.955075000000,0.690300000000,0.676200000000),
double3(0.783752500000,0.685745000000,0.719330000000),
double3(0.992890000000,0.684365000000,0.578125000000),
double3(0.793175000000,0.676200000000,0.633500000000),
double3(0.893417500000,0.719330000000,0.594925000000),
double3(0.781952500000,0.578125000000,0.737510000000),
double3(0.859925000000,0.633500000000,0.690300000000),
double3(0.940880000000,0.594925000000,0.685745000000),
double3(0.849292500000,0.762490000000,0.815635000000),
double3(0.794925000000,0.809700000000,0.823800000000),
double3(0.966247500000,0.814255000000,0.780670000000),
double3(0.757110000000,0.815635000000,0.921875000000),
double3(0.956825000000,0.823800000000,0.866500000000),
double3(0.856582500000,0.780670000000,0.905075000000),
double3(0.968047500000,0.921875000000,0.762490000000),
double3(0.890075000000,0.866500000000,0.809700000000),
double3(0.809120000000,0.905075000000,0.814255000000),
double3(0.916507500000,0.780645000000,0.726175000000),
double3(0.779595000000,0.726175000000,0.993180000000),
double3(0.776187500000,0.993180000000,0.780645000000),
double3(0.832392500000,0.715095000000,0.770185000000),
double3(0.967485000000,0.770185000000,0.514725000000),
double3(0.973812500000,0.506820000000,0.719355000000),
